Orders,SKU,Required Quantity,Fullfilled Quantity,Pending Quantity,ShortSales,Order fullfillment ratio
Order 1,SKU 44,62,1,61,61,2%
Order 1,SKU 41,93,91,2,2,98%
Order 1,SKU 47,69,43,26,26,62%
Order 1,SKU 13,17,14,3,3,82%
Order 2,SKU 45,42,4,38,38,10%
Order 2,SKU 5,50,27,23,23,54%
Order 2,SKU 44,16,8,8,8,50%
Order 2,SKU 43,81,11,70,70,14%
Order 3,SKU 8,15,11,4,4,73%
Order 3,SKU 47,37,19,18,18,51%
Order 3,SKU 34,39,10,29,29,26%
Order 4,SKU 30,53,25,28,28,47%
Order 4,SKU 16,41,5,36,36,12%
Order 4,SKU 4,41,3,38,38,7%
Order 4,SKU 44,64,55,9,9,86%
Order 4,SKU 21,26,5,21,21,19%
Order 5,SKU 24,89,2,87,87,2%
Order 5,SKU 47,29,23,6,6,79%
Order 5,SKU 14,63,55,8,8,87%
Order 5,SKU 21,42,23,19,19,55%
Order 5,SKU 42,84,71,13,13,85%
Order 6,SKU 23,28,3,25,25,11%
Order 6,SKU 22,44,16,28,28,36%
Order 6,SKU 15,53,27,26,26,51%
Order 6,SKU 30,39,28,11,11,72%
Order 6,SKU 10,55,52,3,3,95%
Order 7,SKU 6,23,11,12,12,48%
Order 7,SKU 14,96,14,82,82,15%
Order 7,SKU 13,75,31,44,44,41%
Order 8,SKU 35,35,15,20,20,43%
Order 8,SKU 31,60,36,24,24,60%
Order 8,SKU 38,95,56,39,39,59%
Order 8,SKU 3,38,13,25,25,34%
Order 9,SKU 6,21,13,8,8,62%
Order 9,SKU 32,11,2,9,9,18%
Order 9,SKU 7,44,22,22,22,50%
Order 9,SKU 27,90,89,1,1,99%
Order 9,SKU 9,17,9,8,8,53%
Order 10,SKU 46,94,52,42,42,55%
Order 10,SKU 39,32,15,17,17,47%
Order 10,SKU 1,66,38,28,28,58%
Order 11,SKU 24,67,19,48,48,28%
Order 11,SKU 25,81,60,21,21,74%
Order 12,SKU 34,73,26,47,47,36%
Order 12,SKU 24,72,16,56,56,22%
Order 12,SKU 40,82,32,50,50,39%
Order 12,SKU 27,93,76,17,17,82%
Order 13,SKU 40,87,72,15,15,83%
Order 13,SKU 4,10,2,8,8,20%
Order 13,SKU 20,54,12,42,42,22%
Order 13,SKU 12,13,13,0,0,100%
Order 13,SKU 39,74,31,43,43,42%
Order 14,SKU 16,15,4,11,11,27%
Order 14,SKU 35,75,42,33,33,56%
Order 14,SKU 13,84,22,62,62,26%
Order 15,SKU 7,88,46,42,42,52%
Order 15,SKU 36,65,13,52,52,20%
Order 15,SKU 24,99,27,72,72,27%
Order 15,SKU 39,96,77,19,19,80%
Order 16,SKU 44,65,58,7,7,89%
Order 16,SKU 11,79,32,47,47,41%
Order 16,SKU 31,62,21,41,41,34%
Order 16,SKU 46,30,5,25,25,17%
Order 16,SKU 47,79,3,76,76,4%
Order 17,SKU 18,20,3,17,17,15%
Order 17,SKU 14,86,2,84,84,2%
Order 17,SKU 7,42,5,37,37,12%
Order 18,SKU 33,92,77,15,15,84%
Order 18,SKU 47,35,3,32,32,9%
Order 18,SKU 7,98,41,57,57,42%
Order 19,SKU 12,97,51,46,46,53%
Order 19,SKU 24,65,14,51,51,22%
Order 20,SKU 19,87,39,48,48,45%
Order 20,SKU 17,50,21,29,29,42%
Order 21,SKU 16,72,60,12,12,83%
Order 21,SKU 3,58,6,52,52,10%
Order 21,SKU 14,10,6,4,4,60%
Order 21,SKU 43,60,58,2,2,97%
Order 22,SKU 26,97,77,20,20,79%
Order 22,SKU 24,41,15,26,26,37%
Order 22,SKU 35,77,36,41,41,47%
Order 22,SKU 15,63,20,43,43,32%
Order 22,SKU 34,23,22,1,1,96%
Order 23,SKU 15,31,10,21,21,32%
Order 23,SKU 4,13,9,4,4,69%
Order 23,SKU 39,67,28,39,39,42%
Order 23,SKU 13,96,36,60,60,38%
Order 23,SKU 26,84,69,15,15,82%
Order 24,SKU 9,31,4,27,27,13%
Order 24,SKU 47,65,32,33,33,49%
Order 24,SKU 15,45,19,26,26,42%
Order 25,SKU 13,56,31,25,25,55%
Order 25,SKU 21,19,15,4,4,79%
Order 25,SKU 20,80,16,64,64,20%
Order 25,SKU 38,32,25,7,7,78%
Order 26,SKU 38,27,2,25,25,7%
Order 26,SKU 37,48,45,3,3,94%
Order 27,SKU 45,63,52,11,11,83%
Order 27,SKU 26,83,56,27,27,67%
Order 27,SKU 27,99,40,59,59,40%
Order 27,SKU 48,12,7,5,5,58%
Order 27,SKU 36,15,4,11,11,27%
Order 28,SKU 21,90,39,51,51,43%
Order 28,SKU 36,54,31,23,23,57%
Order 29,SKU 42,79,29,50,50,37%
Order 29,SKU 49,80,73,7,7,91%
Order 29,SKU 8,72,27,45,45,38%
Order 30,SKU 13,48,14,34,34,29%
Order 30,SKU 8,38,28,10,10,74%
Order 30,SKU 49,84,31,53,53,37%
Order 30,SKU 28,11,3,8,8,27%
Order 30,SKU 31,31,10,21,21,32%
Order 31,SKU 11,57,56,1,1,98%
Order 31,SKU 9,69,62,7,7,90%
Order 31,SKU 42,95,1,94,94,1%
Order 31,SKU 2,97,71,26,26,73%
Order 32,SKU 29,53,48,5,5,91%
Order 32,SKU 41,84,60,24,24,71%
Order 32,SKU 3,76,5,71,71,7%
Order 32,SKU 5,18,5,13,13,28%
Order 33,SKU 27,12,11,1,1,92%
Order 33,SKU 15,83,34,49,49,41%
Order 34,SKU 44,69,13,56,56,19%
Order 34,SKU 16,98,83,15,15,85%
Order 35,SKU 13,87,1,86,86,1%
Order 35,SKU 45,82,36,46,46,44%
Order 35,SKU 18,29,25,4,4,86%
Order 36,SKU 38,98,45,53,53,46%
Order 36,SKU 28,77,32,45,45,42%
Order 37,SKU 12,42,31,11,11,74%
Order 37,SKU 22,44,43,1,1,98%
Order 38,SKU 34,77,20,57,57,26%
Order 38,SKU 20,22,21,1,1,95%
Order 38,SKU 42,28,1,27,27,4%
Order 39,SKU 42,19,9,10,10,47%
Order 39,SKU 3,81,23,58,58,28%
Order 39,SKU 15,89,48,41,41,54%
Order 40,SKU 8,51,31,20,20,61%
Order 40,SKU 26,48,44,4,4,92%
Order 40,SKU 20,45,39,6,6,87%
Order 41,SKU 49,64,15,49,49,23%
Order 41,SKU 28,21,16,5,5,76%
Order 42,SKU 44,44,21,23,23,48%
Order 42,SKU 43,52,14,38,38,27%
Order 42,SKU 10,95,59,36,36,62%
Order 42,SKU 32,21,14,7,7,67%
Order 42,SKU 27,58,41,17,17,71%
Order 43,SKU 11,77,24,53,53,31%
Order 43,SKU 26,88,67,21,21,76%
Order 43,SKU 8,54,11,43,43,20%
Order 44,SKU 21,59,36,23,23,61%
Order 44,SKU 33,72,61,11,11,85%
Order 44,SKU 36,16,13,3,3,81%
Order 44,SKU 45,80,4,76,76,5%
Order 44,SKU 42,64,1,63,63,2%
Order 45,SKU 22,19,17,2,2,89%
Order 45,SKU 24,67,59,8,8,88%
Order 45,SKU 7,30,27,3,3,90%
Order 46,SKU 31,90,7,83,83,8%
Order 46,SKU 29,34,8,26,26,24%
Order 46,SKU 30,75,49,26,26,65%
Order 46,SKU 48,76,48,28,28,63%
Order 47,SKU 20,17,13,4,4,76%
Order 47,SKU 50,16,11,5,5,69%
Order 47,SKU 38,84,21,63,63,25%
Order 47,SKU 35,98,21,77,77,21%
Order 47,SKU 6,38,12,26,26,32%
Order 48,SKU 48,22,8,14,14,36%
Order 48,SKU 17,45,21,24,24,47%
Order 48,SKU 18,99,57,42,42,58%
Order 49,SKU 1,69,18,51,51,26%
Order 49,SKU 50,58,45,13,13,78%
Order 49,SKU 43,92,21,71,71,23%
Order 50,SKU 23,73,36,37,37,49%
Order 50,SKU 34,93,48,45,45,52%
Order 50,SKU 42,30,9,21,21,30%
Order 50,SKU 49,73,4,69,69,5%
Order 50,SKU 24,79,3,76,76,4%
Order 51,SKU 27,24,17,7,7,71%
Order 51,SKU 19,41,10,31,31,24%
Order 51,SKU 42,29,23,6,6,79%
Order 52,SKU 8,66,65,1,1,98%
Order 52,SKU 39,83,15,68,68,18%
Order 52,SKU 36,60,60,0,0,100%
Order 52,SKU 31,60,60,0,0,100%
Order 52,SKU 16,48,21,27,27,44%
Order 53,SKU 44,94,71,23,23,76%
Order 53,SKU 13,64,8,56,56,13%
Order 53,SKU 41,56,14,42,42,25%
Order 53,SKU 25,57,45,12,12,79%
Order 53,SKU 36,91,41,50,50,45%
Order 54,SKU 17,14,2,12,12,14%
Order 54,SKU 24,70,8,62,62,11%
Order 54,SKU 42,59,5,54,54,8%
Order 54,SKU 29,92,59,33,33,64%
Order 54,SKU 50,53,10,43,43,19%
Order 55,SKU 10,96,62,34,34,65%
Order 55,SKU 45,76,3,73,73,4%
Order 55,SKU 31,67,24,43,43,36%
Order 56,SKU 28,93,44,49,49,47%
Order 56,SKU 5,80,77,3,3,96%
Order 56,SKU 1,72,72,0,0,100%
Order 56,SKU 16,28,14,14,14,50%
Order 57,SKU 6,74,7,67,67,9%
Order 57,SKU 43,54,22,32,32,41%
Order 57,SKU 32,56,39,17,17,70%
Order 57,SKU 7,85,53,32,32,62%
Order 57,SKU 13,85,45,40,40,53%
Order 58,SKU 42,57,44,13,13,77%
Order 58,SKU 16,93,55,38,38,59%
Order 58,SKU 47,58,12,46,46,21%
Order 58,SKU 35,70,48,22,22,69%
Order 59,SKU 2,56,19,37,37,34%
Order 59,SKU 40,91,17,74,74,19%
Order 59,SKU 4,75,67,8,8,89%
Order 60,SKU 34,34,22,12,12,65%
Order 60,SKU 4,33,27,6,6,82%
Order 60,SKU 47,30,21,9,9,70%
Order 61,SKU 46,13,0,13,13,0%
Order 61,SKU 17,59,4,55,55,7%
Order 61,SKU 13,39,23,16,16,59%
Order 61,SKU 27,68,66,2,2,97%
Order 62,SKU 21,94,45,49,49,48%
Order 62,SKU 1,30,11,19,19,37%
Order 62,SKU 14,20,6,14,14,30%
Order 62,SKU 8,77,0,77,77,0%
Order 63,SKU 26,64,32,32,32,50%
Order 63,SKU 20,71,22,49,49,31%
Order 63,SKU 41,24,10,14,14,42%
Order 63,SKU 32,73,50,23,23,68%
Order 63,SKU 46,62,13,49,49,21%
Order 64,SKU 45,10,4,6,6,40%
Order 64,SKU 34,22,7,15,15,32%
Order 64,SKU 46,17,4,13,13,24%
Order 64,SKU 6,69,0,69,69,0%
Order 65,SKU 43,62,38,24,24,61%
Order 65,SKU 5,74,16,58,58,22%
Order 65,SKU 1,39,12,27,27,31%
Order 65,SKU 15,30,18,12,12,60%
Order 65,SKU 20,62,18,44,44,29%
Order 66,SKU 3,73,28,45,45,38%
Order 66,SKU 39,37,10,27,27,27%
Order 67,SKU 37,57,38,19,19,67%
Order 67,SKU 30,37,34,3,3,92%
Order 68,SKU 47,22,16,6,6,73%
Order 68,SKU 43,63,9,54,54,14%
Order 68,SKU 15,62,43,19,19,69%
Order 68,SKU 10,56,52,4,4,93%
Order 69,SKU 30,66,11,55,55,17%
Order 69,SKU 49,25,15,10,10,60%
Order 69,SKU 18,52,52,0,0,100%
Order 70,SKU 40,81,67,14,14,83%
Order 70,SKU 27,37,10,27,27,27%
Order 70,SKU 16,74,48,26,26,65%
Order 70,SKU 6,56,51,5,5,91%
Order 70,SKU 45,97,53,44,44,55%
Order 71,SKU 29,20,4,16,16,20%
Order 71,SKU 7,98,17,81,81,17%
Order 71,SKU 16,28,22,6,6,79%
Order 71,SKU 40,64,25,39,39,39%
Order 71,SKU 50,15,3,12,12,20%
Order 72,SKU 19,36,33,3,3,92%
Order 72,SKU 41,10,8,2,2,80%
Order 72,SKU 35,80,66,14,14,83%
Order 72,SKU 15,93,19,74,74,20%
Order 72,SKU 46,44,34,10,10,77%
Order 73,SKU 28,24,17,7,7,71%
Order 73,SKU 6,17,8,9,9,47%
Order 74,SKU 41,45,40,5,5,89%
Order 74,SKU 40,78,12,66,66,15%
Order 74,SKU 47,96,57,39,39,59%
Order 74,SKU 12,59,29,30,30,49%
Order 74,SKU 16,71,24,47,47,34%
Order 75,SKU 18,43,40,3,3,93%
Order 75,SKU 3,82,12,70,70,15%
Order 75,SKU 26,79,5,74,74,6%
Order 75,SKU 38,93,51,42,42,55%
Order 75,SKU 30,12,0,12,12,0%
Order 76,SKU 20,31,18,13,13,58%
Order 76,SKU 21,66,6,60,60,9%
Order 76,SKU 31,87,55,32,32,63%
Order 76,SKU 50,76,15,61,61,20%
Order 77,SKU 26,38,9,29,29,24%
Order 77,SKU 31,26,1,25,25,4%
Order 77,SKU 10,15,9,6,6,60%
Order 77,SKU 44,78,27,51,51,35%
Order 78,SKU 44,11,3,8,8,27%
Order 78,SKU 13,74,25,49,49,34%
Order 78,SKU 17,98,9,89,89,9%
Order 79,SKU 12,48,48,0,0,100%
Order 79,SKU 24,32,31,1,1,97%
Order 80,SKU 20,69,39,30,30,57%
Order 80,SKU 4,45,42,3,3,93%
Order 80,SKU 26,46,14,32,32,30%
Order 80,SKU 21,27,1,26,26,4%
Order 80,SKU 15,72,21,51,51,29%
Order 81,SKU 25,58,41,17,17,71%
Order 81,SKU 23,67,38,29,29,57%
Order 81,SKU 2,89,84,5,5,94%
Order 81,SKU 50,70,8,62,62,11%
Order 81,SKU 30,15,2,13,13,13%
Order 82,SKU 19,48,46,2,2,96%
Order 82,SKU 38,28,21,7,7,75%
Order 83,SKU 12,25,24,1,1,96%
Order 83,SKU 6,63,27,36,36,43%
Order 83,SKU 2,82,55,27,27,67%
Order 83,SKU 4,74,40,34,34,54%
Order 84,SKU 31,100,29,71,71,29%
Order 84,SKU 1,11,0,11,11,0%
Order 84,SKU 5,18,1,17,17,6%
Order 84,SKU 21,70,47,23,23,67%
Order 85,SKU 33,27,16,11,11,59%
Order 85,SKU 20,71,37,34,34,52%
Order 86,SKU 42,17,10,7,7,59%
Order 86,SKU 37,63,60,3,3,95%
Order 87,SKU 1,70,42,28,28,60%
Order 87,SKU 8,34,19,15,15,56%
Order 87,SKU 2,57,18,39,39,32%
Order 87,SKU 23,96,23,73,73,24%
Order 87,SKU 47,20,13,7,7,65%
Order 88,SKU 40,49,19,30,30,39%
Order 88,SKU 31,47,2,45,45,4%
Order 88,SKU 16,37,25,12,12,68%
Order 89,SKU 6,38,18,20,20,47%
Order 89,SKU 19,20,1,19,19,5%
Order 89,SKU 45,59,6,53,53,10%
Order 90,SKU 47,65,8,57,57,12%
Order 90,SKU 48,31,12,19,19,39%
Order 90,SKU 50,98,47,51,51,48%
Order 90,SKU 12,27,18,9,9,67%
Order 90,SKU 9,85,39,46,46,46%
Order 91,SKU 11,72,37,35,35,51%
Order 91,SKU 2,62,29,33,33,47%
Order 92,SKU 37,32,7,25,25,22%
Order 92,SKU 47,17,14,3,3,82%
Order 92,SKU 41,68,12,56,56,18%
Order 92,SKU 11,48,36,12,12,75%
Order 93,SKU 5,51,50,1,1,98%
Order 93,SKU 37,20,6,14,14,30%
Order 94,SKU 16,65,27,38,38,42%
Order 94,SKU 48,10,9,1,1,90%
Order 94,SKU 20,91,47,44,44,52%
Order 94,SKU 43,49,32,17,17,65%
Order 95,SKU 33,39,2,37,37,5%
Order 95,SKU 6,30,24,6,6,80%
Order 95,SKU 37,93,48,45,45,52%
Order 95,SKU 18,95,84,11,11,88%
Order 96,SKU 16,86,71,15,15,83%
Order 96,SKU 12,72,63,9,9,88%
Order 96,SKU 7,70,53,17,17,76%
Order 97,SKU 7,32,24,8,8,75%
Order 97,SKU 10,43,25,18,18,58%
Order 97,SKU 42,56,4,52,52,7%
Order 97,SKU 2,99,19,80,80,19%
Order 97,SKU 49,15,5,10,10,33%
Order 98,SKU 9,54,1,53,53,2%
Order 98,SKU 23,17,6,11,11,35%
Order 98,SKU 26,66,29,37,37,44%
Order 98,SKU 36,83,17,66,66,20%
Order 99,SKU 13,18,11,7,7,61%
Order 99,SKU 35,96,13,83,83,14%
Order 99,SKU 2,27,16,11,11,59%
Order 100,SKU 49,11,9,2,2,82%
Order 100,SKU 50,68,26,42,42,38%
Order 100,SKU 8,36,14,22,22,39%
Order 100,SKU 35,81,6,75,75,7%
Order 101,SKU 22,63,35,28,28,56%
Order 101,SKU 1,39,18,21,21,46%
Order 101,SKU 48,96,33,63,63,34%
Order 101,SKU 18,22,10,12,12,45%
Order 102,SKU 8,25,15,10,10,60%
Order 102,SKU 43,55,38,17,17,69%
Order 102,SKU 1,40,23,17,17,58%
Order 103,SKU 14,89,21,68,68,24%
Order 103,SKU 36,66,26,40,40,39%
Order 104,SKU 3,89,60,29,29,67%
Order 104,SKU 33,65,32,33,33,49%
Order 105,SKU 50,71,31,40,40,44%
Order 105,SKU 47,49,12,37,37,24%
Order 106,SKU 19,82,38,44,44,46%
Order 106,SKU 38,13,2,11,11,15%
Order 106,SKU 10,28,5,23,23,18%
Order 106,SKU 12,100,44,56,56,44%
Order 107,SKU 36,34,11,23,23,32%
Order 107,SKU 21,35,11,24,24,31%
Order 107,SKU 34,52,50,2,2,96%
Order 107,SKU 5,46,45,1,1,98%
Order 108,SKU 12,83,9,74,74,11%
Order 108,SKU 37,66,6,60,60,9%
Order 109,SKU 22,80,0,80,80,0%
Order 109,SKU 49,67,5,62,62,7%
Order 109,SKU 32,79,43,36,36,54%
Order 109,SKU 12,81,23,58,58,28%
Order 109,SKU 13,95,18,77,77,19%
Order 110,SKU 8,51,24,27,27,47%
Order 110,SKU 49,66,54,12,12,82%
Order 111,SKU 42,80,14,66,66,18%
Order 111,SKU 43,80,40,40,40,50%
Order 111,SKU 2,31,23,8,8,74%
Order 111,SKU 21,53,0,53,53,0%
Order 112,SKU 50,54,49,5,5,91%
Order 112,SKU 21,56,11,45,45,20%
Order 112,SKU 45,86,54,32,32,63%
Order 113,SKU 31,32,22,10,10,69%
Order 113,SKU 10,52,42,10,10,81%
Order 113,SKU 4,32,31,1,1,97%
Order 113,SKU 9,39,12,27,27,31%
Order 114,SKU 4,73,34,39,39,47%
Order 114,SKU 10,71,0,71,71,0%
Order 114,SKU 48,34,33,1,1,97%
Order 114,SKU 1,98,15,83,83,15%
Order 115,SKU 31,11,3,8,8,27%
Order 115,SKU 12,51,44,7,7,86%
Order 115,SKU 2,83,60,23,23,72%
Order 116,SKU 1,73,68,5,5,93%
Order 116,SKU 4,92,85,7,7,92%
Order 116,SKU 25,68,59,9,9,87%
Order 116,SKU 15,92,61,31,31,66%
Order 117,SKU 50,65,58,7,7,89%
Order 117,SKU 47,81,50,31,31,62%
Order 117,SKU 1,29,15,14,14,52%
Order 117,SKU 21,95,58,37,37,61%
Order 117,SKU 31,80,8,72,72,10%
Order 118,SKU 13,70,31,39,39,44%
Order 118,SKU 9,22,0,22,22,0%
Order 119,SKU 10,82,68,14,14,83%
Order 119,SKU 13,51,1,50,50,2%
Order 119,SKU 12,18,10,8,8,56%
Order 120,SKU 14,76,70,6,6,92%
Order 120,SKU 46,27,9,18,18,33%
Order 120,SKU 47,16,7,9,9,44%
Order 120,SKU 15,79,64,15,15,81%
Order 120,SKU 12,77,48,29,29,62%
Order 121,SKU 30,10,3,7,7,30%
Order 121,SKU 5,94,92,2,2,98%
Order 121,SKU 13,79,36,43,43,46%
Order 121,SKU 35,74,50,24,24,68%
Order 121,SKU 4,10,10,0,0,100%
Order 122,SKU 8,64,63,1,1,98%
Order 122,SKU 25,100,56,44,44,56%
Order 123,SKU 24,45,6,39,39,13%
Order 123,SKU 13,22,14,8,8,64%
Order 124,SKU 48,18,12,6,6,67%
Order 124,SKU 19,88,26,62,62,30%
Order 125,SKU 10,87,42,45,45,48%
Order 125,SKU 29,35,25,10,10,71%
Order 125,SKU 45,87,70,17,17,80%
Order 125,SKU 27,42,25,17,17,60%
Order 126,SKU 5,60,39,21,21,65%
Order 126,SKU 1,80,47,33,33,59%
Order 127,SKU 4,51,12,39,39,24%
Order 127,SKU 13,94,85,9,9,90%
Order 127,SKU 40,13,1,12,12,8%
Order 127,SKU 24,78,18,60,60,23%
Order 128,SKU 5,33,9,24,24,27%
Order 128,SKU 4,81,20,61,61,25%
Order 128,SKU 23,79,56,23,23,71%
Order 129,SKU 9,42,12,30,30,29%
Order 129,SKU 6,49,24,25,25,49%
Order 129,SKU 16,77,41,36,36,53%
Order 130,SKU 4,61,12,49,49,20%
Order 130,SKU 22,50,45,5,5,90%
Order 130,SKU 32,59,14,45,45,24%
Order 130,SKU 44,16,7,9,9,44%
Order 131,SKU 48,84,41,43,43,49%
Order 131,SKU 42,47,3,44,44,6%
Order 131,SKU 49,62,32,30,30,52%
Order 131,SKU 20,80,55,25,25,69%
Order 131,SKU 7,81,50,31,31,62%
Order 132,SKU 6,51,38,13,13,75%
Order 132,SKU 8,99,48,51,51,48%
Order 132,SKU 44,71,37,34,34,52%
Order 133,SKU 8,53,6,47,47,11%
Order 133,SKU 21,53,52,1,1,98%
Order 133,SKU 48,77,33,44,44,43%
Order 133,SKU 42,75,68,7,7,91%
Order 134,SKU 48,65,19,46,46,29%
Order 134,SKU 33,63,24,39,39,38%
Order 134,SKU 36,37,4,33,33,11%
Order 134,SKU 7,30,17,13,13,57%
Order 135,SKU 8,45,39,6,6,87%
Order 135,SKU 30,54,3,51,51,6%
Order 135,SKU 11,34,4,30,30,12%
Order 135,SKU 28,39,11,28,28,28%
Order 136,SKU 8,43,6,37,37,14%
Order 136,SKU 39,45,17,28,28,38%
Order 136,SKU 47,47,8,39,39,17%
Order 136,SKU 49,82,71,11,11,87%
Order 136,SKU 44,60,34,26,26,57%
Order 137,SKU 17,43,5,38,38,12%
Order 137,SKU 9,54,50,4,4,93%
Order 137,SKU 42,43,43,0,0,100%
Order 138,SKU 40,45,39,6,6,87%
Order 138,SKU 1,90,1,89,89,1%
Order 138,SKU 35,86,51,35,35,59%
Order 138,SKU 11,75,51,24,24,68%
Order 139,SKU 34,26,12,14,14,46%
Order 139,SKU 27,20,5,15,15,25%
Order 139,SKU 18,32,26,6,6,81%
Order 139,SKU 23,79,37,42,42,47%
Order 139,SKU 17,11,5,6,6,45%
Order 140,SKU 47,60,38,22,22,63%
Order 140,SKU 12,13,13,0,0,100%
Order 140,SKU 4,12,7,5,5,58%
Order 140,SKU 32,73,28,45,45,38%
Order 140,SKU 28,20,0,20,20,0%
Order 141,SKU 17,99,25,74,74,25%
Order 141,SKU 8,81,4,77,77,5%
Order 141,SKU 14,24,15,9,9,63%
Order 142,SKU 46,57,37,20,20,65%
Order 142,SKU 48,40,13,27,27,33%
Order 143,SKU 46,12,6,6,6,50%
Order 143,SKU 19,84,63,21,21,75%
Order 144,SKU 6,41,3,38,38,7%
Order 144,SKU 42,29,17,12,12,59%
Order 144,SKU 43,45,31,14,14,69%
Order 144,SKU 38,37,12,25,25,32%
Order 144,SKU 8,10,7,3,3,70%
Order 145,SKU 23,92,81,11,11,88%
Order 145,SKU 28,25,3,22,22,12%
Order 145,SKU 6,21,6,15,15,29%
Order 145,SKU 8,23,22,1,1,96%
Order 146,SKU 22,61,36,25,25,59%
Order 146,SKU 8,17,11,6,6,65%
Order 146,SKU 23,14,5,9,9,36%
Order 146,SKU 40,78,30,48,48,38%
Order 146,SKU 20,54,8,46,46,15%
Order 147,SKU 37,62,5,57,57,8%
Order 147,SKU 24,52,48,4,4,92%
Order 147,SKU 16,51,11,40,40,22%
Order 148,SKU 4,37,32,5,5,86%
Order 148,SKU 14,32,32,0,0,100%
Order 149,SKU 11,60,57,3,3,95%
Order 149,SKU 36,43,34,9,9,79%
Order 149,SKU 49,12,9,3,3,75%
Order 149,SKU 15,68,47,21,21,69%
Order 150,SKU 21,35,28,7,7,80%
Order 150,SKU 50,76,24,52,52,32%
Order 150,SKU 7,57,0,57,57,0%
Order 150,SKU 35,62,2,60,60,3%
Order 150,SKU 17,99,17,82,82,17%
Order 151,SKU 13,70,37,33,33,53%
Order 151,SKU 16,29,17,12,12,59%
Order 152,SKU 48,24,3,21,21,13%
Order 152,SKU 47,72,68,4,4,94%
Order 153,SKU 49,93,24,69,69,26%
Order 153,SKU 36,77,73,4,4,95%
Order 153,SKU 12,83,10,73,73,12%
Order 154,SKU 4,26,13,13,13,50%
Order 154,SKU 8,45,23,22,22,51%
Order 154,SKU 34,72,24,48,48,33%
Order 154,SKU 19,68,31,37,37,46%
Order 155,SKU 1,23,21,2,2,91%
Order 155,SKU 32,83,8,75,75,10%
Order 155,SKU 17,20,11,9,9,55%
Order 155,SKU 16,85,66,19,19,78%
Order 155,SKU 14,62,38,24,24,61%
Order 156,SKU 44,41,5,36,36,12%
Order 156,SKU 31,97,5,92,92,5%
Order 156,SKU 38,36,17,19,19,47%
Order 157,SKU 33,13,9,4,4,69%
Order 157,SKU 45,91,24,67,67,26%
Order 157,SKU 35,16,5,11,11,31%
Order 157,SKU 30,37,4,33,33,11%
Order 157,SKU 6,76,19,57,57,25%
Order 158,SKU 29,64,59,5,5,92%
Order 158,SKU 20,15,11,4,4,73%
Order 158,SKU 36,28,26,2,2,93%
Order 158,SKU 26,10,10,0,0,100%
Order 159,SKU 27,15,7,8,8,47%
Order 159,SKU 26,22,0,22,22,0%
Order 159,SKU 13,29,24,5,5,83%
Order 159,SKU 28,55,7,48,48,13%
Order 159,SKU 19,19,8,11,11,42%
Order 160,SKU 5,37,26,11,11,70%
Order 160,SKU 17,24,7,17,17,29%
Order 161,SKU 16,28,23,5,5,82%
Order 161,SKU 4,17,5,12,12,29%
Order 161,SKU 45,47,28,19,19,60%
Order 161,SKU 2,99,30,69,69,30%
Order 162,SKU 23,63,43,20,20,68%
Order 162,SKU 13,43,6,37,37,14%
Order 162,SKU 1,71,22,49,49,31%
Order 162,SKU 41,55,55,0,0,100%
Order 162,SKU 30,16,2,14,14,13%
Order 163,SKU 16,33,24,9,9,73%
Order 163,SKU 40,16,9,7,7,56%
Order 163,SKU 25,90,70,20,20,78%
Order 163,SKU 21,80,23,57,57,29%
Order 164,SKU 20,97,69,28,28,71%
Order 164,SKU 21,70,25,45,45,36%
Order 164,SKU 50,80,69,11,11,86%
Order 164,SKU 14,38,38,0,0,100%
Order 165,SKU 35,55,15,40,40,27%
Order 165,SKU 27,25,23,2,2,92%
Order 165,SKU 47,93,28,65,65,30%
Order 166,SKU 23,97,75,22,22,77%
Order 166,SKU 32,52,22,30,30,42%
Order 166,SKU 6,36,36,0,0,100%
Order 166,SKU 20,15,0,15,15,0%
Order 166,SKU 29,15,1,14,14,7%
Order 167,SKU 33,91,87,4,4,96%
Order 167,SKU 5,11,7,4,4,64%
Order 167,SKU 39,93,42,51,51,45%
Order 168,SKU 50,19,9,10,10,47%
Order 168,SKU 10,23,11,12,12,48%
Order 168,SKU 31,56,41,15,15,73%
Order 169,SKU 38,99,85,14,14,86%
Order 169,SKU 43,71,71,0,0,100%
Order 169,SKU 25,70,32,38,38,46%
Order 170,SKU 14,60,59,1,1,98%
Order 170,SKU 48,79,36,43,43,46%
Order 170,SKU 34,40,33,7,7,83%
Order 171,SKU 37,26,16,10,10,62%
Order 171,SKU 30,22,13,9,9,59%
Order 172,SKU 23,78,18,60,60,23%
Order 172,SKU 24,47,10,37,37,21%
Order 172,SKU 7,52,19,33,33,37%
Order 172,SKU 26,29,20,9,9,69%
Order 173,SKU 28,37,36,1,1,97%
Order 173,SKU 27,74,73,1,1,99%
Order 173,SKU 20,64,3,61,61,5%
Order 174,SKU 1,49,37,12,12,76%
Order 174,SKU 41,56,29,27,27,52%
Order 174,SKU 24,53,47,6,6,89%
Order 174,SKU 30,100,84,16,16,84%
Order 175,SKU 27,71,48,23,23,68%
Order 175,SKU 44,60,53,7,7,88%
Order 175,SKU 6,42,29,13,13,69%
Order 175,SKU 18,68,14,54,54,21%
Order 175,SKU 25,91,91,0,0,100%
Order 176,SKU 44,84,4,80,80,5%
Order 176,SKU 12,80,56,24,24,70%
Order 176,SKU 36,24,2,22,22,8%
Order 177,SKU 7,71,17,54,54,24%
Order 177,SKU 40,72,24,48,48,33%
Order 177,SKU 25,21,20,1,1,95%
Order 177,SKU 48,34,10,24,24,29%
Order 178,SKU 6,77,62,15,15,81%
Order 178,SKU 22,99,80,19,19,81%
Order 178,SKU 13,96,63,33,33,66%
Order 178,SKU 18,41,14,27,27,34%
Order 178,SKU 40,22,1,21,21,5%
Order 179,SKU 33,32,21,11,11,66%
Order 179,SKU 39,33,25,8,8,76%
Order 179,SKU 42,42,15,27,27,36%
Order 179,SKU 38,31,16,15,15,52%
Order 179,SKU 4,66,61,5,5,92%
Order 180,SKU 37,60,8,52,52,13%
Order 180,SKU 42,62,55,7,7,89%
Order 180,SKU 49,68,57,11,11,84%
Order 181,SKU 11,50,18,32,32,36%
Order 181,SKU 20,39,4,35,35,10%
Order 181,SKU 35,80,30,50,50,38%
Order 181,SKU 50,61,57,4,4,93%
Order 181,SKU 33,97,97,0,0,100%
Order 182,SKU 8,80,23,57,57,29%
Order 182,SKU 21,36,36,0,0,100%
Order 183,SKU 31,42,37,5,5,88%
Order 183,SKU 3,34,25,9,9,74%
Order 183,SKU 8,86,58,28,28,67%
Order 184,SKU 22,85,16,69,69,19%
Order 184,SKU 13,98,91,7,7,93%
Order 184,SKU 47,70,14,56,56,20%
Order 184,SKU 23,60,26,34,34,43%
Order 184,SKU 15,95,73,22,22,77%
Order 185,SKU 38,72,27,45,45,38%
Order 185,SKU 48,74,43,31,31,58%
Order 186,SKU 10,90,11,79,79,12%
Order 186,SKU 6,32,4,28,28,13%
Order 186,SKU 4,68,35,33,33,51%
Order 186,SKU 23,12,9,3,3,75%
Order 186,SKU 25,97,54,43,43,56%
Order 187,SKU 48,100,32,68,68,32%
Order 187,SKU 7,31,15,16,16,48%
Order 188,SKU 46,83,40,43,43,48%
Order 188,SKU 47,86,2,84,84,2%
Order 188,SKU 2,68,51,17,17,75%
Order 188,SKU 9,43,27,16,16,63%
Order 189,SKU 12,51,11,40,40,22%
Order 189,SKU 14,74,72,2,2,97%
Order 189,SKU 42,12,11,1,1,92%
Order 189,SKU 11,99,8,91,91,8%
Order 190,SKU 50,46,44,2,2,96%
Order 190,SKU 35,36,3,33,33,8%
Order 190,SKU 31,95,89,6,6,94%
Order 191,SKU 44,91,64,27,27,70%
Order 191,SKU 45,92,53,39,39,58%
Order 191,SKU 23,70,7,63,63,10%
Order 191,SKU 3,12,9,3,3,75%
Order 191,SKU 5,34,4,30,30,12%
Order 192,SKU 28,32,29,3,3,91%
Order 192,SKU 10,70,22,48,48,31%
Order 192,SKU 47,36,9,27,27,25%
Order 192,SKU 15,98,76,22,22,78%
Order 193,SKU 21,10,6,4,4,60%
Order 193,SKU 3,12,2,10,10,17%
Order 193,SKU 40,80,34,46,46,43%
Order 193,SKU 15,24,7,17,17,29%
Order 193,SKU 48,76,29,47,47,38%
Order 194,SKU 50,86,50,36,36,58%
Order 194,SKU 24,59,59,0,0,100%
Order 194,SKU 30,28,0,28,28,0%
Order 194,SKU 17,49,31,18,18,63%
Order 195,SKU 30,47,32,15,15,68%
Order 195,SKU 25,51,45,6,6,88%
Order 195,SKU 3,95,88,7,7,93%
Order 196,SKU 48,28,28,0,0,100%
Order 196,SKU 11,69,32,37,37,46%
Order 197,SKU 15,44,10,34,34,23%
Order 197,SKU 4,70,43,27,27,61%
Order 197,SKU 8,77,24,53,53,31%
Order 197,SKU 32,57,31,26,26,54%
Order 197,SKU 22,93,3,90,90,3%
Order 198,SKU 24,50,39,11,11,78%
Order 198,SKU 20,12,0,12,12,0%
Order 198,SKU 49,75,51,24,24,68%
Order 199,SKU 2,35,22,13,13,63%
Order 199,SKU 46,54,42,12,12,78%
Order 199,SKU 50,80,11,69,69,14%
Order 200,SKU 45,75,70,5,5,93%
Order 200,SKU 25,52,6,46,46,12%
Order 200,SKU 38,33,3,30,30,9%
Order 200,SKU 28,53,4,49,49,8%
Order 201,SKU 25,26,25,1,1,96%
Order 201,SKU 41,32,19,13,13,59%
Order 201,SKU 28,11,7,4,4,64%
Order 201,SKU 35,40,26,14,14,65%
Order 202,SKU 17,42,36,6,6,86%
Order 202,SKU 26,56,30,26,26,54%
Order 202,SKU 49,44,0,44,44,0%
Order 203,SKU 36,26,8,18,18,31%
Order 203,SKU 3,45,8,37,37,18%
Order 203,SKU 41,89,35,54,54,39%
Order 203,SKU 37,57,50,7,7,88%
Order 203,SKU 31,79,73,6,6,92%
Order 204,SKU 5,20,6,14,14,30%
Order 204,SKU 20,77,24,53,53,31%
Order 204,SKU 27,72,29,43,43,40%
Order 204,SKU 49,54,25,29,29,46%
Order 204,SKU 36,70,50,20,20,71%
Order 205,SKU 21,63,54,9,9,86%
Order 205,SKU 49,28,2,26,26,7%
Order 205,SKU 40,68,64,4,4,94%
Order 206,SKU 4,19,19,0,0,100%
Order 206,SKU 38,16,15,1,1,94%
Order 206,SKU 9,46,28,18,18,61%
Order 206,SKU 22,21,16,5,5,76%
Order 206,SKU 34,57,19,38,38,33%
Order 207,SKU 40,45,32,13,13,71%
Order 207,SKU 8,73,25,48,48,34%
Order 207,SKU 49,57,39,18,18,68%
Order 208,SKU 26,21,2,19,19,10%
Order 208,SKU 35,49,1,48,48,2%
Order 209,SKU 32,13,7,6,6,54%
Order 209,SKU 28,97,74,23,23,76%
Order 209,SKU 47,26,17,9,9,65%
Order 210,SKU 42,39,33,6,6,85%
Order 210,SKU 46,51,10,41,41,20%
Order 211,SKU 11,56,34,22,22,61%
Order 211,SKU 20,96,90,6,6,94%
Order 211,SKU 27,69,51,18,18,74%
Order 211,SKU 43,17,10,7,7,59%
Order 212,SKU 33,67,34,33,33,51%
Order 212,SKU 28,97,96,1,1,99%
Order 212,SKU 42,25,7,18,18,28%
Order 212,SKU 19,96,44,52,52,46%
Order 212,SKU 39,49,48,1,1,98%
Order 213,SKU 35,12,11,1,1,92%
Order 213,SKU 45,60,14,46,46,23%
Order 213,SKU 3,63,15,48,48,24%
Order 214,SKU 44,39,23,16,16,59%
Order 214,SKU 26,16,3,13,13,19%
Order 214,SKU 31,47,15,32,32,32%
Order 215,SKU 8,37,25,12,12,68%
Order 215,SKU 17,91,82,9,9,90%
Order 215,SKU 26,12,8,4,4,67%
Order 215,SKU 1,58,16,42,42,28%
Order 215,SKU 38,72,54,18,18,75%
Order 216,SKU 37,61,59,2,2,97%
Order 216,SKU 16,43,31,12,12,72%
Order 216,SKU 39,98,59,39,39,60%
Order 216,SKU 7,35,7,28,28,20%
Order 217,SKU 21,28,26,2,2,93%
Order 217,SKU 6,62,51,11,11,82%
Order 217,SKU 40,17,13,4,4,76%
Order 217,SKU 49,19,2,17,17,11%
Order 218,SKU 22,81,75,6,6,93%
Order 218,SKU 27,90,9,81,81,10%
Order 218,SKU 36,95,56,39,39,59%
Order 219,SKU 26,24,1,23,23,4%
Order 219,SKU 16,70,63,7,7,90%
Order 220,SKU 46,72,51,21,21,71%
Order 220,SKU 43,35,28,7,7,80%
Order 221,SKU 15,33,21,12,12,64%
Order 221,SKU 40,79,53,26,26,67%
Order 221,SKU 25,47,9,38,38,19%
Order 221,SKU 3,89,74,15,15,83%
Order 222,SKU 1,94,62,32,32,66%
Order 222,SKU 28,81,2,79,79,2%
Order 222,SKU 15,37,28,9,9,76%
Order 222,SKU 49,96,17,79,79,18%
Order 222,SKU 31,44,12,32,32,27%
Order 223,SKU 10,65,13,52,52,20%
Order 223,SKU 34,15,9,6,6,60%
Order 223,SKU 22,90,88,2,2,98%
Order 223,SKU 49,70,11,59,59,16%
Order 223,SKU 38,22,18,4,4,82%
Order 224,SKU 17,14,1,13,13,7%
Order 224,SKU 24,96,14,82,82,15%
Order 224,SKU 11,82,52,30,30,63%
Order 224,SKU 26,34,24,10,10,71%
Order 224,SKU 44,94,8,86,86,9%
Order 225,SKU 37,88,75,13,13,85%
Order 225,SKU 6,70,33,37,37,47%
Order 225,SKU 27,79,16,63,63,20%
Order 225,SKU 2,29,8,21,21,28%
Order 226,SKU 8,30,21,9,9,70%
Order 226,SKU 3,27,1,26,26,4%
Order 226,SKU 45,57,43,14,14,75%
Order 226,SKU 18,18,2,16,16,11%
Order 227,SKU 19,54,49,5,5,91%
Order 227,SKU 42,74,46,28,28,62%
Order 227,SKU 20,67,4,63,63,6%
Order 228,SKU 29,48,44,4,4,92%
Order 228,SKU 45,41,0,41,41,0%
Order 229,SKU 32,27,13,14,14,48%
Order 229,SKU 25,28,13,15,15,46%
Order 229,SKU 39,49,16,33,33,33%
Order 230,SKU 14,83,14,69,69,17%
Order 230,SKU 23,80,35,45,45,44%
Order 230,SKU 48,23,23,0,0,100%
Order 230,SKU 21,87,2,85,85,2%
Order 230,SKU 10,76,18,58,58,24%
Order 231,SKU 34,40,36,4,4,90%
Order 231,SKU 7,30,13,17,17,43%
Order 231,SKU 30,98,90,8,8,92%
Order 231,SKU 1,69,22,47,47,32%
Order 232,SKU 35,57,9,48,48,16%
Order 232,SKU 28,45,28,17,17,62%
Order 232,SKU 2,87,3,84,84,3%
Order 232,SKU 33,53,41,12,12,77%
Order 233,SKU 42,27,26,1,1,96%
Order 233,SKU 25,95,15,80,80,16%
Order 233,SKU 48,75,4,71,71,5%
Order 233,SKU 23,91,2,89,89,2%
Order 234,SKU 36,48,18,30,30,38%
Order 234,SKU 42,34,20,14,14,59%
Order 234,SKU 50,33,23,10,10,70%
Order 234,SKU 13,69,49,20,20,71%
Order 235,SKU 37,13,7,6,6,54%
Order 235,SKU 31,32,18,14,14,56%
Order 235,SKU 45,51,2,49,49,4%
Order 235,SKU 49,100,2,98,98,2%
Order 236,SKU 45,32,19,13,13,59%
Order 236,SKU 47,22,14,8,8,64%
Order 236,SKU 14,53,40,13,13,75%
Order 236,SKU 34,41,25,16,16,61%
Order 236,SKU 19,62,13,49,49,21%
Order 237,SKU 30,19,8,11,11,42%
Order 237,SKU 14,86,47,39,39,55%
Order 237,SKU 24,44,22,22,22,50%
Order 237,SKU 43,90,70,20,20,78%
Order 237,SKU 46,25,20,5,5,80%
Order 238,SKU 27,66,56,10,10,85%
Order 238,SKU 31,43,22,21,21,51%
Order 238,SKU 40,67,51,16,16,76%
Order 238,SKU 9,38,34,4,4,89%
Order 238,SKU 8,84,47,37,37,56%
Order 239,SKU 13,10,10,0,0,100%
Order 239,SKU 40,64,1,63,63,2%
Order 240,SKU 20,14,14,0,0,100%
Order 240,SKU 11,59,3,56,56,5%
Order 241,SKU 12,53,22,31,31,42%
Order 241,SKU 29,15,1,14,14,7%
Order 241,SKU 44,30,22,8,8,73%
Order 241,SKU 25,44,28,16,16,64%
Order 242,SKU 20,99,89,10,10,90%
Order 242,SKU 47,91,77,14,14,85%
Order 242,SKU 16,56,2,54,54,4%
Order 242,SKU 27,10,9,1,1,90%
Order 243,SKU 25,14,7,7,7,50%
Order 243,SKU 43,78,56,22,22,72%
Order 243,SKU 31,35,5,30,30,14%
Order 243,SKU 23,25,3,22,22,12%
Order 243,SKU 20,21,10,11,11,48%
Order 244,SKU 21,24,1,23,23,4%
Order 244,SKU 39,84,10,74,74,12%
Order 244,SKU 33,17,5,12,12,29%
Order 244,SKU 17,62,19,43,43,31%
Order 245,SKU 23,16,9,7,7,56%
Order 245,SKU 45,22,3,19,19,14%
Order 245,SKU 41,52,35,17,17,67%
Order 245,SKU 10,23,17,6,6,74%
Order 246,SKU 14,85,59,26,26,69%
Order 246,SKU 11,74,54,20,20,73%
Order 246,SKU 43,66,25,41,41,38%
Order 246,SKU 22,21,6,15,15,29%
Order 246,SKU 13,55,46,9,9,84%
Order 247,SKU 12,37,17,20,20,46%
Order 247,SKU 27,89,51,38,38,57%
Order 247,SKU 16,25,12,13,13,48%
Order 247,SKU 31,67,8,59,59,12%
Order 248,SKU 6,89,38,51,51,43%
Order 248,SKU 39,54,13,41,41,24%
Order 248,SKU 24,90,11,79,79,12%
Order 249,SKU 22,95,30,65,65,32%
Order 249,SKU 8,96,18,78,78,19%
Order 250,SKU 22,65,37,28,28,57%
Order 250,SKU 27,30,13,17,17,43%
Order 250,SKU 11,19,7,12,12,37%
Order 250,SKU 26,17,7,10,10,41%
Order 250,SKU 2,43,15,28,28,35%
Order 251,SKU 45,64,52,12,12,81%
Order 251,SKU 21,59,7,52,52,12%
Order 252,SKU 31,32,7,25,25,22%
Order 252,SKU 23,22,22,0,0,100%
Order 252,SKU 33,66,61,5,5,92%
Order 252,SKU 5,63,19,44,44,30%
Order 253,SKU 5,40,23,17,17,58%
Order 253,SKU 46,16,12,4,4,75%
Order 253,SKU 36,63,7,56,56,11%
Order 254,SKU 41,80,74,6,6,93%
Order 254,SKU 11,47,39,8,8,83%
Order 254,SKU 23,75,38,37,37,51%
Order 254,SKU 45,83,16,67,67,19%
Order 255,SKU 17,47,36,11,11,77%
Order 255,SKU 24,93,32,61,61,34%
Order 255,SKU 34,38,14,24,24,37%
Order 255,SKU 14,32,2,30,30,6%
Order 256,SKU 23,22,6,16,16,27%
Order 256,SKU 30,25,0,25,25,0%
Order 257,SKU 43,16,14,2,2,88%
Order 257,SKU 9,20,2,18,18,10%
Order 258,SKU 42,66,35,31,31,53%
Order 258,SKU 10,73,15,58,58,21%
Order 258,SKU 45,97,77,20,20,79%
Order 259,SKU 17,19,15,4,4,79%
Order 259,SKU 38,95,42,53,53,44%
Order 259,SKU 33,30,14,16,16,47%
Order 260,SKU 3,88,35,53,53,40%
Order 260,SKU 31,100,5,95,95,5%
Order 260,SKU 38,44,38,6,6,86%
Order 260,SKU 16,47,34,13,13,72%
Order 261,SKU 50,63,28,35,35,44%
Order 261,SKU 19,50,44,6,6,88%
Order 261,SKU 47,18,12,6,6,67%
Order 261,SKU 42,46,13,33,33,28%
Order 261,SKU 17,82,71,11,11,87%
Order 262,SKU 30,66,22,44,44,33%
Order 262,SKU 9,69,54,15,15,78%
Order 262,SKU 31,89,62,27,27,70%
Order 262,SKU 45,65,54,11,11,83%
Order 263,SKU 20,82,0,82,82,0%
Order 263,SKU 10,67,2,65,65,3%
Order 264,SKU 1,40,32,8,8,80%
Order 264,SKU 7,53,6,47,47,11%
Order 264,SKU 50,17,8,9,9,47%
Order 264,SKU 41,11,0,11,11,0%
Order 265,SKU 12,44,3,41,41,7%
Order 265,SKU 33,87,38,49,49,44%
Order 265,SKU 46,99,7,92,92,7%
Order 265,SKU 21,97,79,18,18,81%
Order 265,SKU 19,93,14,79,79,15%
Order 266,SKU 3,87,1,86,86,1%
Order 266,SKU 34,86,26,60,60,30%
Order 266,SKU 11,82,70,12,12,85%
Order 266,SKU 50,57,9,48,48,16%
Order 267,SKU 3,10,0,10,10,0%
Order 267,SKU 32,80,61,19,19,76%
Order 267,SKU 14,57,4,53,53,7%
Order 267,SKU 15,28,6,22,22,21%
Order 267,SKU 36,43,34,9,9,79%
Order 268,SKU 34,22,19,3,3,86%
Order 268,SKU 13,17,7,10,10,41%
Order 269,SKU 28,95,41,54,54,43%
Order 269,SKU 23,55,8,47,47,15%
Order 269,SKU 49,93,58,35,35,62%
Order 269,SKU 11,30,9,21,21,30%
Order 270,SKU 50,34,3,31,31,9%
Order 270,SKU 49,50,44,6,6,88%
Order 270,SKU 28,50,37,13,13,74%
Order 271,SKU 13,98,55,43,43,56%
Order 271,SKU 10,26,9,17,17,35%
Order 272,SKU 41,91,18,73,73,20%
Order 272,SKU 11,80,56,24,24,70%
Order 272,SKU 36,28,23,5,5,82%
Order 272,SKU 37,88,40,48,48,45%
Order 272,SKU 15,51,22,29,29,43%
Order 273,SKU 9,15,11,4,4,73%
Order 273,SKU 31,45,31,14,14,69%
Order 273,SKU 36,54,41,13,13,76%
Order 273,SKU 21,62,45,17,17,73%
Order 273,SKU 47,18,10,8,8,56%
Order 274,SKU 23,45,31,14,14,69%
Order 274,SKU 12,61,35,26,26,57%
Order 274,SKU 8,37,13,24,24,35%
Order 274,SKU 21,67,35,32,32,52%
Order 275,SKU 18,38,31,7,7,82%
Order 275,SKU 22,19,12,7,7,63%
Order 275,SKU 16,56,22,34,34,39%
Order 276,SKU 44,49,4,45,45,8%
Order 276,SKU 47,43,23,20,20,53%
Order 276,SKU 11,26,6,20,20,23%
Order 277,SKU 10,24,2,22,22,8%
Order 277,SKU 24,24,18,6,6,75%
Order 278,SKU 40,82,64,18,18,78%
Order 278,SKU 38,85,57,28,28,67%
Order 278,SKU 25,87,5,82,82,6%
Order 278,SKU 2,74,33,41,41,45%
Order 278,SKU 7,65,2,63,63,3%
Order 279,SKU 38,88,57,31,31,65%
Order 279,SKU 41,24,0,24,24,0%
Order 279,SKU 36,97,54,43,43,56%
Order 280,SKU 49,79,55,24,24,70%
Order 280,SKU 3,98,92,6,6,94%
Order 280,SKU 7,37,15,22,22,41%
Order 280,SKU 29,63,52,11,11,83%
Order 281,SKU 2,90,38,52,52,42%
Order 281,SKU 33,80,29,51,51,36%
Order 281,SKU 4,30,0,30,30,0%
Order 281,SKU 24,98,31,67,67,32%
Order 281,SKU 25,17,4,13,13,24%
Order 282,SKU 38,18,16,2,2,89%
Order 282,SKU 1,16,8,8,8,50%
Order 282,SKU 21,63,0,63,63,0%
Order 283,SKU 26,26,17,9,9,65%
Order 283,SKU 38,99,7,92,92,7%
Order 283,SKU 13,43,17,26,26,40%
Order 284,SKU 41,21,19,2,2,90%
Order 284,SKU 44,58,13,45,45,22%
Order 284,SKU 21,55,34,21,21,62%
Order 284,SKU 45,38,11,27,27,29%
Order 285,SKU 49,33,13,20,20,39%
Order 285,SKU 38,50,0,50,50,0%
Order 285,SKU 16,26,12,14,14,46%
Order 285,SKU 40,33,26,7,7,79%
Order 285,SKU 34,16,8,8,8,50%
Order 286,SKU 37,96,38,58,58,40%
Order 286,SKU 44,18,4,14,14,22%
Order 286,SKU 42,23,3,20,20,13%
Order 286,SKU 26,73,19,54,54,26%
Order 287,SKU 22,93,28,65,65,30%
Order 287,SKU 42,62,28,34,34,45%
Order 287,SKU 18,32,20,12,12,63%
Order 287,SKU 19,52,9,43,43,17%
Order 287,SKU 36,85,29,56,56,34%
Order 288,SKU 12,13,11,2,2,85%
Order 288,SKU 9,48,19,29,29,40%
Order 289,SKU 47,66,28,38,38,42%
Order 289,SKU 42,59,51,8,8,86%
Order 289,SKU 13,23,2,21,21,9%
Order 289,SKU 2,37,29,8,8,78%
Order 289,SKU 50,99,6,93,93,6%
Order 290,SKU 42,49,32,17,17,65%
Order 290,SKU 1,72,24,48,48,33%
Order 290,SKU 43,45,23,22,22,51%
Order 290,SKU 41,67,38,29,29,57%
Order 291,SKU 44,19,8,11,11,42%
Order 291,SKU 19,24,11,13,13,46%
Order 291,SKU 46,40,20,20,20,50%
Order 292,SKU 35,44,6,38,38,14%
Order 292,SKU 15,31,9,22,22,29%
Order 292,SKU 39,96,14,82,82,15%
Order 292,SKU 30,22,3,19,19,14%
Order 292,SKU 24,91,55,36,36,60%
Order 293,SKU 9,86,62,24,24,72%
Order 293,SKU 19,36,18,18,18,50%
Order 293,SKU 16,58,0,58,58,0%
Order 293,SKU 32,47,18,29,29,38%
Order 294,SKU 10,19,4,15,15,21%
Order 294,SKU 37,57,52,5,5,91%
Order 294,SKU 30,35,21,14,14,60%
Order 294,SKU 26,32,12,20,20,38%
Order 294,SKU 29,18,16,2,2,89%
Order 295,SKU 18,61,37,24,24,61%
Order 295,SKU 42,100,35,65,65,35%
Order 295,SKU 34,96,54,42,42,56%
Order 295,SKU 43,94,12,82,82,13%
Order 295,SKU 13,46,46,0,0,100%
Order 296,SKU 33,98,60,38,38,61%
Order 296,SKU 34,10,8,2,2,80%
Order 296,SKU 35,75,31,44,44,41%
Order 297,SKU 11,30,27,3,3,90%
Order 297,SKU 19,22,2,20,20,9%
Order 298,SKU 41,78,41,37,37,53%
Order 298,SKU 25,40,9,31,31,23%
Order 298,SKU 35,35,21,14,14,60%
Order 298,SKU 9,85,31,54,54,36%
Order 298,SKU 23,100,96,4,4,96%
Order 299,SKU 7,82,71,11,11,87%
Order 299,SKU 48,29,26,3,3,90%
Order 300,SKU 33,54,1,53,53,2%
Order 300,SKU 16,23,5,18,18,22%
Order 300,SKU 19,49,17,32,32,35%
Order 300,SKU 18,25,20,5,5,80%
Order 300,SKU 14,84,5,79,79,6%
Order 301,SKU 13,84,59,25,25,70%
Order 301,SKU 35,35,26,9,9,74%
Order 301,SKU 36,47,21,26,26,45%
Order 301,SKU 39,35,21,14,14,60%
Order 302,SKU 21,44,17,27,27,39%
Order 302,SKU 4,62,18,44,44,29%
Order 303,SKU 28,92,52,40,40,57%
Order 303,SKU 23,33,33,0,0,100%
Order 304,SKU 29,23,11,12,12,48%
Order 304,SKU 50,55,35,20,20,64%
Order 304,SKU 30,22,15,7,7,68%
Order 305,SKU 35,90,86,4,4,96%
Order 305,SKU 2,18,1,17,17,6%
Order 305,SKU 27,72,50,22,22,69%
Order 305,SKU 18,40,6,34,34,15%
Order 305,SKU 44,39,2,37,37,5%
Order 306,SKU 39,72,56,16,16,78%
Order 306,SKU 16,76,64,12,12,84%
Order 306,SKU 20,74,20,54,54,27%
Order 306,SKU 37,39,31,8,8,79%
Order 307,SKU 19,66,29,37,37,44%
Order 307,SKU 16,83,66,17,17,80%
Order 308,SKU 1,62,28,34,34,45%
Order 308,SKU 46,96,96,0,0,100%
Order 308,SKU 11,61,46,15,15,75%
Order 308,SKU 13,91,53,38,38,58%
Order 308,SKU 45,53,32,21,21,60%
Order 309,SKU 44,72,20,52,52,28%
Order 309,SKU 3,14,12,2,2,86%
Order 309,SKU 26,44,20,24,24,45%
Order 309,SKU 41,77,47,30,30,61%
Order 310,SKU 40,51,4,47,47,8%
Order 310,SKU 22,28,10,18,18,36%
Order 310,SKU 32,48,4,44,44,8%
Order 310,SKU 18,61,11,50,50,18%
Order 310,SKU 4,92,46,46,46,50%
Order 311,SKU 17,21,4,17,17,19%
Order 311,SKU 3,65,49,16,16,75%
Order 311,SKU 27,29,1,28,28,3%
Order 311,SKU 35,45,14,31,31,31%
Order 311,SKU 19,47,21,26,26,45%
Order 312,SKU 43,78,1,77,77,1%
Order 312,SKU 21,65,61,4,4,94%
Order 312,SKU 41,43,33,10,10,77%
Order 312,SKU 14,65,54,11,11,83%
Order 312,SKU 11,29,17,12,12,59%
Order 313,SKU 17,94,44,50,50,47%
Order 313,SKU 8,54,14,40,40,26%
Order 314,SKU 38,81,18,63,63,22%
Order 314,SKU 49,41,30,11,11,73%
Order 314,SKU 14,38,10,28,28,26%
Order 314,SKU 28,54,12,42,42,22%
Order 314,SKU 27,36,18,18,18,50%
Order 315,SKU 30,17,9,8,8,53%
Order 315,SKU 2,38,0,38,38,0%
Order 315,SKU 50,30,6,24,24,20%
Order 316,SKU 48,61,30,31,31,49%
Order 316,SKU 6,27,2,25,25,7%
Order 316,SKU 30,21,18,3,3,86%
Order 316,SKU 3,98,94,4,4,96%
Order 316,SKU 15,19,14,5,5,74%
Order 317,SKU 10,82,14,68,68,17%
Order 317,SKU 26,71,44,27,27,62%
Order 317,SKU 5,93,71,22,22,76%
Order 317,SKU 23,67,18,49,49,27%
Order 317,SKU 28,25,10,15,15,40%
Order 318,SKU 23,75,14,61,61,19%
Order 318,SKU 22,94,34,60,60,36%
Order 318,SKU 45,78,26,52,52,33%
Order 319,SKU 16,78,29,49,49,37%
Order 319,SKU 45,32,20,12,12,63%
Order 319,SKU 44,99,46,53,53,46%
Order 319,SKU 9,30,19,11,11,63%
Order 319,SKU 10,32,3,29,29,9%
Order 320,SKU 20,26,13,13,13,50%
Order 320,SKU 9,93,43,50,50,46%
Order 321,SKU 5,70,60,10,10,86%
Order 321,SKU 42,62,25,37,37,40%
Order 322,SKU 7,59,0,59,59,0%
Order 322,SKU 23,12,3,9,9,25%
Order 322,SKU 5,19,4,15,15,21%
Order 322,SKU 11,24,22,2,2,92%
Order 323,SKU 35,68,4,64,64,6%
Order 323,SKU 23,63,43,20,20,68%
Order 323,SKU 21,51,7,44,44,14%
Order 324,SKU 45,15,5,10,10,33%
Order 324,SKU 19,74,20,54,54,27%
Order 325,SKU 12,41,2,39,39,5%
Order 325,SKU 18,13,13,0,0,100%
Order 326,SKU 12,55,52,3,3,95%
Order 326,SKU 29,35,2,33,33,6%
Order 327,SKU 40,29,12,17,17,41%
Order 327,SKU 32,100,59,41,41,59%
Order 327,SKU 30,54,1,53,53,2%
Order 328,SKU 28,32,11,21,21,34%
Order 328,SKU 18,32,20,12,12,63%
Order 329,SKU 39,16,16,0,0,100%
Order 329,SKU 22,73,25,48,48,34%
Order 329,SKU 14,67,30,37,37,45%
Order 330,SKU 8,64,37,27,27,58%
Order 330,SKU 10,72,0,72,72,0%
Order 330,SKU 21,80,18,62,62,23%
Order 331,SKU 48,38,35,3,3,92%
Order 331,SKU 50,59,11,48,48,19%
Order 331,SKU 33,58,8,50,50,14%
Order 331,SKU 32,70,45,25,25,64%
Order 331,SKU 23,55,16,39,39,29%
Order 332,SKU 21,38,37,1,1,97%
Order 332,SKU 49,86,83,3,3,97%
Order 332,SKU 1,14,3,11,11,21%
Order 333,SKU 19,99,57,42,42,58%
Order 333,SKU 18,51,34,17,17,67%
Order 333,SKU 47,47,2,45,45,4%
Order 334,SKU 26,65,44,21,21,68%
Order 334,SKU 45,37,1,36,36,3%
Order 334,SKU 24,93,67,26,26,72%
Order 334,SKU 31,86,23,63,63,27%
Order 335,SKU 5,24,3,21,21,13%
Order 335,SKU 26,45,0,45,45,0%
Order 336,SKU 24,31,29,2,2,94%
Order 336,SKU 23,71,44,27,27,62%
Order 336,SKU 3,44,17,27,27,39%
Order 337,SKU 25,75,66,9,9,88%
Order 337,SKU 22,81,47,34,34,58%
Order 337,SKU 40,92,69,23,23,75%
Order 338,SKU 34,60,9,51,51,15%
Order 338,SKU 47,57,9,48,48,16%
Order 338,SKU 32,82,38,44,44,46%
Order 339,SKU 46,34,20,14,14,59%
Order 339,SKU 15,87,85,2,2,98%
Order 339,SKU 42,35,10,25,25,29%
Order 339,SKU 10,80,16,64,64,20%
Order 339,SKU 44,91,6,85,85,7%
Order 340,SKU 13,72,32,40,40,44%
Order 340,SKU 17,24,12,12,12,50%
Order 340,SKU 8,40,20,20,20,50%
Order 340,SKU 45,12,1,11,11,8%
Order 340,SKU 7,44,40,4,4,91%
Order 341,SKU 1,58,13,45,45,22%
Order 341,SKU 46,97,27,70,70,28%
Order 341,SKU 23,57,31,26,26,54%
Order 341,SKU 14,46,9,37,37,20%
Order 342,SKU 20,97,28,69,69,29%
Order 342,SKU 39,81,25,56,56,31%
Order 343,SKU 18,54,53,1,1,98%
Order 343,SKU 20,94,45,49,49,48%
Order 343,SKU 36,40,36,4,4,90%
Order 343,SKU 10,25,13,12,12,52%
Order 344,SKU 49,98,5,93,93,5%
Order 344,SKU 43,40,4,36,36,10%
Order 344,SKU 47,49,29,20,20,59%
Order 345,SKU 19,88,11,77,77,13%
Order 345,SKU 11,18,13,5,5,72%
Order 346,SKU 25,41,6,35,35,15%
Order 346,SKU 12,92,70,22,22,76%
Order 347,SKU 32,40,7,33,33,18%
Order 347,SKU 22,14,9,5,5,64%
Order 347,SKU 2,63,47,16,16,75%
Order 347,SKU 9,26,5,21,21,19%
Order 347,SKU 46,18,9,9,9,50%
Order 348,SKU 21,19,5,14,14,26%
Order 348,SKU 41,62,47,15,15,76%
Order 348,SKU 12,40,36,4,4,90%
Order 348,SKU 22,37,30,7,7,81%
Order 348,SKU 43,79,13,66,66,16%
Order 349,SKU 22,42,19,23,23,45%
Order 349,SKU 6,34,25,9,9,74%
Order 349,SKU 10,61,11,50,50,18%
Order 350,SKU 36,98,9,89,89,9%
Order 350,SKU 31,17,11,6,6,65%
Order 350,SKU 23,73,58,15,15,79%
Order 350,SKU 25,76,49,27,27,64%
Order 350,SKU 9,32,32,0,0,100%
Order 351,SKU 8,34,28,6,6,82%
Order 351,SKU 37,34,8,26,26,24%
Order 351,SKU 36,76,14,62,62,18%
Order 352,SKU 31,53,37,16,16,70%
Order 352,SKU 39,38,12,26,26,32%
Order 352,SKU 44,77,16,61,61,21%
Order 352,SKU 29,14,11,3,3,79%
Order 352,SKU 10,97,80,17,17,82%
Order 353,SKU 42,32,25,7,7,78%
Order 353,SKU 49,98,80,18,18,82%
Order 353,SKU 25,24,4,20,20,17%
Order 354,SKU 41,27,16,11,11,59%
Order 354,SKU 42,75,50,25,25,67%
Order 355,SKU 8,32,25,7,7,78%
Order 355,SKU 23,87,11,76,76,13%
Order 356,SKU 27,71,70,1,1,99%
Order 356,SKU 33,19,11,8,8,58%
Order 356,SKU 49,67,24,43,43,36%
Order 357,SKU 45,72,22,50,50,31%
Order 357,SKU 29,63,46,17,17,73%
Order 358,SKU 24,33,30,3,3,91%
Order 358,SKU 21,100,84,16,16,84%
Order 358,SKU 28,10,2,8,8,20%
Order 358,SKU 17,15,13,2,2,87%
Order 359,SKU 2,47,29,18,18,62%
Order 359,SKU 27,67,31,36,36,46%
Order 359,SKU 35,75,50,25,25,67%
Order 359,SKU 31,20,19,1,1,95%
Order 360,SKU 39,94,79,15,15,84%
Order 360,SKU 27,60,47,13,13,78%
Order 361,SKU 30,36,22,14,14,61%
Order 361,SKU 33,56,30,26,26,54%
Order 362,SKU 23,34,20,14,14,59%
Order 362,SKU 33,55,47,8,8,85%
Order 362,SKU 41,28,26,2,2,93%
Order 362,SKU 28,18,4,14,14,22%
Order 362,SKU 43,14,8,6,6,57%
Order 363,SKU 22,20,10,10,10,50%
Order 363,SKU 39,94,84,10,10,89%
Order 363,SKU 28,16,16,0,0,100%
Order 364,SKU 20,31,30,1,1,97%
Order 364,SKU 41,17,0,17,17,0%
Order 364,SKU 5,22,17,5,5,77%
Order 364,SKU 48,27,12,15,15,44%
Order 364,SKU 17,95,61,34,34,64%
Order 365,SKU 12,86,75,11,11,87%
Order 365,SKU 44,70,1,69,69,1%
Order 365,SKU 30,42,7,35,35,17%
Order 366,SKU 31,53,19,34,34,36%
Order 366,SKU 3,79,73,6,6,92%
Order 366,SKU 35,42,15,27,27,36%
Order 367,SKU 13,78,64,14,14,82%
Order 367,SKU 34,74,56,18,18,76%
Order 367,SKU 20,71,19,52,52,27%
Order 367,SKU 41,84,25,59,59,30%
Order 367,SKU 48,53,2,51,51,4%
Order 368,SKU 27,13,11,2,2,85%
Order 368,SKU 12,17,14,3,3,82%
Order 368,SKU 4,64,18,46,46,28%
Order 369,SKU 41,33,7,26,26,21%
Order 369,SKU 8,44,1,43,43,2%
Order 369,SKU 35,42,11,31,31,26%
Order 369,SKU 39,95,76,19,19,80%
Order 370,SKU 36,58,35,23,23,60%
Order 370,SKU 40,71,25,46,46,35%
Order 370,SKU 41,65,21,44,44,32%
Order 371,SKU 10,57,52,5,5,91%
Order 371,SKU 24,19,17,2,2,89%
Order 371,SKU 27,89,48,41,41,54%
Order 371,SKU 33,80,29,51,51,36%
Order 371,SKU 14,28,22,6,6,79%
Order 372,SKU 5,10,10,0,0,100%
Order 372,SKU 35,64,39,25,25,61%
Order 372,SKU 18,73,33,40,40,45%
Order 372,SKU 16,43,32,11,11,74%
Order 372,SKU 32,77,29,48,48,38%
Order 373,SKU 37,78,68,10,10,87%
Order 373,SKU 35,67,38,29,29,57%
Order 374,SKU 34,84,67,17,17,80%
Order 374,SKU 47,85,72,13,13,85%
Order 375,SKU 31,42,40,2,2,95%
Order 375,SKU 9,65,28,37,37,43%
Order 375,SKU 17,40,0,40,40,0%
Order 375,SKU 39,27,17,10,10,63%
Order 375,SKU 47,15,3,12,12,20%
Order 376,SKU 20,17,17,0,0,100%
Order 376,SKU 15,77,15,62,62,19%
Order 376,SKU 16,76,70,6,6,92%
Order 376,SKU 28,73,1,72,72,1%
Order 376,SKU 40,10,9,1,1,90%
Order 377,SKU 1,94,60,34,34,64%
Order 377,SKU 19,97,14,83,83,14%
Order 378,SKU 33,81,31,50,50,38%
Order 378,SKU 25,64,7,57,57,11%
Order 378,SKU 8,55,13,42,42,24%
Order 378,SKU 44,17,9,8,8,53%
Order 379,SKU 33,34,30,4,4,88%
Order 379,SKU 48,45,3,42,42,7%
Order 379,SKU 49,65,38,27,27,58%
Order 379,SKU 4,72,6,66,66,8%
Order 380,SKU 37,20,16,4,4,80%
Order 380,SKU 10,35,13,22,22,37%
Order 380,SKU 14,73,9,64,64,12%
Order 381,SKU 38,90,51,39,39,57%
Order 381,SKU 28,25,2,23,23,8%
Order 381,SKU 17,47,22,25,25,47%
Order 381,SKU 4,86,52,34,34,60%
Order 382,SKU 24,31,21,10,10,68%
Order 382,SKU 35,13,0,13,13,0%
Order 382,SKU 8,60,9,51,51,15%
Order 383,SKU 28,16,5,11,11,31%
Order 383,SKU 6,21,8,13,13,38%
Order 383,SKU 35,72,24,48,48,33%
Order 383,SKU 21,90,52,38,38,58%
Order 384,SKU 5,90,33,57,57,37%
Order 384,SKU 28,79,68,11,11,86%
Order 385,SKU 21,83,32,51,51,39%
Order 385,SKU 14,67,6,61,61,9%
Order 385,SKU 46,24,10,14,14,42%
Order 386,SKU 11,61,45,16,16,74%
Order 386,SKU 25,87,37,50,50,43%
Order 386,SKU 45,93,47,46,46,51%
Order 386,SKU 49,50,33,17,17,66%
Order 386,SKU 29,68,66,2,2,97%
Order 387,SKU 24,21,17,4,4,81%
Order 387,SKU 22,66,49,17,17,74%
Order 387,SKU 11,66,53,13,13,80%
Order 388,SKU 26,62,27,35,35,44%
Order 388,SKU 1,72,14,58,58,19%
Order 388,SKU 7,28,27,1,1,96%
Order 389,SKU 21,16,13,3,3,81%
Order 389,SKU 31,66,53,13,13,80%
Order 389,SKU 25,55,9,46,46,16%
Order 390,SKU 29,89,88,1,1,99%
Order 390,SKU 44,10,1,9,9,10%
Order 390,SKU 36,36,1,35,35,3%
Order 390,SKU 11,60,9,51,51,15%
Order 390,SKU 16,28,9,19,19,32%
Order 391,SKU 1,53,37,16,16,70%
Order 391,SKU 30,92,41,51,51,45%
Order 391,SKU 34,10,6,4,4,60%
Order 391,SKU 2,73,27,46,46,37%
Order 391,SKU 40,13,8,5,5,62%
Order 392,SKU 21,17,13,4,4,76%
Order 392,SKU 14,75,9,66,66,12%
Order 392,SKU 30,33,15,18,18,45%
Order 392,SKU 33,92,58,34,34,63%
Order 392,SKU 32,40,10,30,30,25%
Order 393,SKU 49,52,9,43,43,17%
Order 393,SKU 20,39,24,15,15,62%
Order 393,SKU 7,66,62,4,4,94%
Order 394,SKU 32,89,54,35,35,61%
Order 394,SKU 6,63,16,47,47,25%
Order 394,SKU 12,71,41,30,30,58%
Order 394,SKU 5,33,16,17,17,48%
Order 395,SKU 48,12,7,5,5,58%
Order 395,SKU 42,68,1,67,67,1%
Order 395,SKU 27,71,48,23,23,68%
Order 395,SKU 13,29,28,1,1,97%
Order 395,SKU 25,26,9,17,17,35%
Order 396,SKU 29,90,86,4,4,96%
Order 396,SKU 8,86,46,40,40,53%
Order 397,SKU 45,99,11,88,88,11%
Order 397,SKU 25,17,9,8,8,53%
Order 397,SKU 22,25,19,6,6,76%
Order 397,SKU 23,35,7,28,28,20%
Order 398,SKU 26,37,2,35,35,5%
Order 398,SKU 3,15,12,3,3,80%
Order 399,SKU 14,86,46,40,40,53%
Order 399,SKU 15,21,20,1,1,95%
Order 399,SKU 50,42,27,15,15,64%
Order 399,SKU 43,12,1,11,11,8%
Order 400,SKU 48,56,20,36,36,36%
Order 400,SKU 11,51,41,10,10,80%
Order 400,SKU 3,32,2,30,30,6%
Order 401,SKU 44,63,33,30,30,52%
Order 401,SKU 20,48,47,1,1,98%
Order 402,SKU 26,51,49,2,2,96%
Order 402,SKU 32,70,40,30,30,57%
Order 402,SKU 41,66,1,65,65,2%
Order 402,SKU 44,79,30,49,49,38%
Order 402,SKU 22,32,11,21,21,34%
Order 403,SKU 24,60,35,25,25,58%
Order 403,SKU 42,64,34,30,30,53%
Order 403,SKU 4,45,35,10,10,78%
Order 404,SKU 5,91,11,80,80,12%
Order 404,SKU 49,13,10,3,3,77%
Order 405,SKU 10,23,4,19,19,17%
Order 405,SKU 14,100,95,5,5,95%
Order 405,SKU 24,13,1,12,12,8%
Order 405,SKU 36,94,0,94,94,0%
Order 406,SKU 30,40,25,15,15,63%
Order 406,SKU 42,45,25,20,20,56%
Order 406,SKU 28,37,4,33,33,11%
Order 406,SKU 18,83,17,66,66,20%
Order 406,SKU 41,24,24,0,0,100%
Order 407,SKU 34,20,13,7,7,65%
Order 407,SKU 14,53,34,19,19,64%
Order 408,SKU 24,60,56,4,4,93%
Order 408,SKU 26,59,50,9,9,85%
Order 409,SKU 31,39,19,20,20,49%
Order 409,SKU 41,51,6,45,45,12%
Order 409,SKU 42,59,53,6,6,90%
Order 409,SKU 44,80,59,21,21,74%
Order 409,SKU 3,39,11,28,28,28%
Order 410,SKU 15,30,3,27,27,10%
Order 410,SKU 3,64,57,7,7,89%
Order 411,SKU 21,83,41,42,42,49%
Order 411,SKU 48,31,6,25,25,19%
Order 411,SKU 19,69,36,33,33,52%
Order 411,SKU 24,48,19,29,29,40%
Order 411,SKU 8,83,73,10,10,88%
Order 412,SKU 16,58,53,5,5,91%
Order 412,SKU 1,60,58,2,2,97%
Order 412,SKU 4,15,9,6,6,60%
Order 413,SKU 5,48,37,11,11,77%
Order 413,SKU 37,88,46,42,42,52%
Order 413,SKU 35,79,7,72,72,9%
Order 413,SKU 32,95,64,31,31,67%
Order 413,SKU 45,22,22,0,0,100%
Order 414,SKU 44,31,1,30,30,3%
Order 414,SKU 47,86,10,76,76,12%
Order 414,SKU 42,69,14,55,55,20%
Order 414,SKU 8,47,0,47,47,0%
Order 414,SKU 1,55,49,6,6,89%
Order 415,SKU 15,34,16,18,18,47%
Order 415,SKU 20,48,12,36,36,25%
Order 415,SKU 29,84,73,11,11,87%
Order 415,SKU 50,48,23,25,25,48%
Order 415,SKU 12,47,23,24,24,49%
Order 416,SKU 43,25,16,9,9,64%
Order 416,SKU 49,64,60,4,4,94%
Order 417,SKU 30,29,10,19,19,34%
Order 417,SKU 9,88,45,43,43,51%
Order 417,SKU 38,73,27,46,46,37%
Order 417,SKU 37,57,34,23,23,60%
Order 418,SKU 29,63,37,26,26,59%
Order 418,SKU 48,71,24,47,47,34%
Order 418,SKU 28,21,21,0,0,100%
Order 418,SKU 50,18,11,7,7,61%
Order 418,SKU 13,36,16,20,20,44%
Order 419,SKU 20,50,9,41,41,18%
Order 419,SKU 24,37,33,4,4,89%
Order 420,SKU 5,79,11,68,68,14%
Order 420,SKU 45,18,8,10,10,44%
Order 420,SKU 30,58,18,40,40,31%
Order 420,SKU 14,26,21,5,5,81%
Order 421,SKU 27,57,48,9,9,84%
Order 421,SKU 47,98,1,97,97,1%
Order 421,SKU 19,98,13,85,85,13%
Order 421,SKU 40,26,26,0,0,100%
Order 421,SKU 13,40,9,31,31,23%
Order 422,SKU 9,58,22,36,36,38%
Order 422,SKU 6,47,27,20,20,57%
Order 422,SKU 44,86,28,58,58,33%
Order 423,SKU 31,45,21,24,24,47%
Order 423,SKU 43,97,72,25,25,74%
Order 424,SKU 45,41,30,11,11,73%
Order 424,SKU 9,92,50,42,42,54%
Order 424,SKU 16,94,2,92,92,2%
Order 425,SKU 31,64,38,26,26,59%
Order 425,SKU 44,21,19,2,2,90%
Order 425,SKU 47,40,9,31,31,23%
Order 425,SKU 35,62,33,29,29,53%
Order 425,SKU 22,50,9,41,41,18%
Order 426,SKU 24,78,70,8,8,90%
Order 426,SKU 23,31,26,5,5,84%
Order 426,SKU 25,56,52,4,4,93%
Order 426,SKU 32,77,31,46,46,40%
Order 426,SKU 47,92,0,92,92,0%
Order 427,SKU 26,12,4,8,8,33%
Order 427,SKU 17,57,18,39,39,32%
Order 427,SKU 50,92,16,76,76,17%
Order 428,SKU 25,97,29,68,68,30%
Order 428,SKU 15,39,38,1,1,97%
Order 428,SKU 5,93,21,72,72,23%
Order 429,SKU 43,80,26,54,54,33%
Order 429,SKU 29,19,0,19,19,0%
Order 430,SKU 29,46,20,26,26,43%
Order 430,SKU 46,10,3,7,7,30%
Order 430,SKU 32,67,0,67,67,0%
Order 430,SKU 40,22,13,9,9,59%
Order 431,SKU 29,95,37,58,58,39%
Order 431,SKU 25,23,6,17,17,26%
Order 431,SKU 22,63,1,62,62,2%
Order 431,SKU 49,52,52,0,0,100%
Order 432,SKU 34,81,1,80,80,1%
Order 432,SKU 25,23,9,14,14,39%
Order 432,SKU 5,59,17,42,42,29%
Order 432,SKU 39,27,15,12,12,56%
Order 433,SKU 40,84,9,75,75,11%
Order 433,SKU 9,32,15,17,17,47%
Order 433,SKU 39,25,23,2,2,92%
Order 433,SKU 4,15,13,2,2,87%
Order 433,SKU 21,72,0,72,72,0%
Order 434,SKU 24,31,15,16,16,48%
Order 434,SKU 8,70,21,49,49,30%
Order 434,SKU 40,59,15,44,44,25%
Order 434,SKU 43,37,27,10,10,73%
Order 435,SKU 26,28,15,13,13,54%
Order 435,SKU 1,62,54,8,8,87%
Order 435,SKU 31,70,31,39,39,44%
Order 435,SKU 13,55,27,28,28,49%
Order 436,SKU 30,94,24,70,70,26%
Order 436,SKU 13,62,60,2,2,97%
Order 436,SKU 49,55,45,10,10,82%
Order 436,SKU 3,83,59,24,24,71%
Order 436,SKU 41,60,56,4,4,93%
Order 437,SKU 5,91,22,69,69,24%
Order 437,SKU 12,12,12,0,0,100%
Order 438,SKU 22,93,24,69,69,26%
Order 438,SKU 31,96,78,18,18,81%
Order 438,SKU 6,42,18,24,24,43%
Order 438,SKU 28,66,14,52,52,21%
Order 438,SKU 42,50,4,46,46,8%
Order 439,SKU 39,13,8,5,5,62%
Order 439,SKU 35,10,3,7,7,30%
Order 439,SKU 25,44,9,35,35,20%
Order 439,SKU 42,21,17,4,4,81%
Order 439,SKU 24,87,9,78,78,10%
Order 440,SKU 14,96,62,34,34,65%
Order 440,SKU 44,21,10,11,11,48%
Order 440,SKU 43,22,2,20,20,9%
Order 441,SKU 4,53,32,21,21,60%
Order 441,SKU 8,92,26,66,66,28%
Order 441,SKU 36,57,29,28,28,51%
Order 441,SKU 1,16,6,10,10,38%
Order 442,SKU 40,91,83,8,8,91%
Order 442,SKU 22,61,51,10,10,84%
Order 442,SKU 8,49,27,22,22,55%
Order 442,SKU 7,22,15,7,7,68%
Order 442,SKU 31,98,73,25,25,74%
Order 443,SKU 28,42,10,32,32,24%
Order 443,SKU 17,54,43,11,11,80%
Order 444,SKU 1,15,3,12,12,20%
Order 444,SKU 50,39,38,1,1,97%
Order 445,SKU 10,84,47,37,37,56%
Order 445,SKU 2,51,46,5,5,90%
Order 445,SKU 18,100,41,59,59,41%
Order 445,SKU 29,11,5,6,6,45%
Order 446,SKU 23,91,28,63,63,31%
Order 446,SKU 15,91,1,90,90,1%
Order 446,SKU 27,63,1,62,62,2%
Order 446,SKU 22,12,12,0,0,100%
Order 447,SKU 43,82,19,63,63,23%
Order 447,SKU 1,44,36,8,8,82%
Order 447,SKU 50,81,53,28,28,65%
Order 447,SKU 49,89,27,62,62,30%
Order 447,SKU 47,79,31,48,48,39%
Order 448,SKU 41,28,8,20,20,29%
Order 448,SKU 48,40,16,24,24,40%
Order 448,SKU 35,59,22,37,37,37%
Order 448,SKU 17,72,46,26,26,64%
Order 448,SKU 3,10,9,1,1,90%
Order 449,SKU 36,35,6,29,29,17%
Order 449,SKU 10,53,32,21,21,60%
Order 449,SKU 37,73,35,38,38,48%
Order 450,SKU 14,43,11,32,32,26%
Order 450,SKU 13,97,20,77,77,21%
Order 450,SKU 44,38,22,16,16,58%
Order 450,SKU 30,42,7,35,35,17%
Order 450,SKU 38,51,12,39,39,24%
Order 451,SKU 16,85,18,67,67,21%
Order 451,SKU 45,71,67,4,4,94%
Order 452,SKU 6,59,52,7,7,88%
Order 452,SKU 13,72,5,67,67,7%
Order 452,SKU 34,76,66,10,10,87%
Order 452,SKU 7,68,12,56,56,18%
Order 453,SKU 48,91,19,72,72,21%
Order 453,SKU 3,14,1,13,13,7%
Order 454,SKU 14,48,19,29,29,40%
Order 454,SKU 20,86,67,19,19,78%
Order 454,SKU 34,44,7,37,37,16%
Order 455,SKU 17,98,40,58,58,41%
Order 455,SKU 43,44,28,16,16,64%
Order 455,SKU 28,85,83,2,2,98%
Order 455,SKU 23,90,75,15,15,83%
Order 455,SKU 2,59,35,24,24,59%
Order 456,SKU 48,52,29,23,23,56%
Order 456,SKU 10,68,8,60,60,12%
Order 456,SKU 33,77,38,39,39,49%
Order 457,SKU 45,75,37,38,38,49%
Order 457,SKU 28,42,2,40,40,5%
Order 458,SKU 47,38,37,1,1,97%
Order 458,SKU 12,53,44,9,9,83%
Order 458,SKU 3,54,28,26,26,52%
Order 458,SKU 41,97,58,39,39,60%
Order 458,SKU 39,24,5,19,19,21%
Order 459,SKU 23,66,12,54,54,18%
Order 459,SKU 37,46,13,33,33,28%
Order 459,SKU 22,84,24,60,60,29%
Order 459,SKU 32,87,56,31,31,64%
Order 459,SKU 15,80,41,39,39,51%
Order 460,SKU 17,11,3,8,8,27%
Order 460,SKU 33,100,59,41,41,59%
Order 460,SKU 42,98,3,95,95,3%
Order 461,SKU 3,84,14,70,70,17%
Order 461,SKU 45,44,22,22,22,50%
Order 461,SKU 27,62,44,18,18,71%
Order 461,SKU 4,94,91,3,3,97%
Order 461,SKU 41,22,1,21,21,5%
Order 462,SKU 12,30,27,3,3,90%
Order 462,SKU 17,12,1,11,11,8%
Order 462,SKU 47,38,17,21,21,45%
Order 463,SKU 30,45,26,19,19,58%
Order 463,SKU 27,93,32,61,61,34%
Order 464,SKU 30,71,56,15,15,79%
Order 464,SKU 13,97,75,22,22,77%
Order 465,SKU 33,85,60,25,25,71%
Order 465,SKU 6,94,89,5,5,95%
Order 466,SKU 44,55,39,16,16,71%
Order 466,SKU 1,51,17,34,34,33%
Order 466,SKU 30,45,11,34,34,24%
Order 466,SKU 49,59,39,20,20,66%
Order 467,SKU 38,54,20,34,34,37%
Order 467,SKU 41,74,18,56,56,24%
Order 467,SKU 8,56,45,11,11,80%
Order 467,SKU 36,38,34,4,4,89%
Order 468,SKU 4,11,0,11,11,0%
Order 468,SKU 45,15,12,3,3,80%
Order 468,SKU 16,50,50,0,0,100%
Order 468,SKU 50,14,8,6,6,57%
Order 469,SKU 35,95,4,91,91,4%
Order 469,SKU 24,70,5,65,65,7%
Order 469,SKU 33,62,16,46,46,26%
Order 470,SKU 32,76,36,40,40,47%
Order 470,SKU 5,11,11,0,0,100%
Order 470,SKU 9,30,4,26,26,13%
Order 470,SKU 6,80,63,17,17,79%
Order 471,SKU 23,93,19,74,74,20%
Order 471,SKU 6,40,7,33,33,18%
Order 471,SKU 31,33,10,23,23,30%
Order 471,SKU 27,48,32,16,16,67%
Order 471,SKU 19,51,14,37,37,27%
Order 472,SKU 26,97,77,20,20,79%
Order 472,SKU 41,59,4,55,55,7%
Order 472,SKU 28,63,56,7,7,89%
Order 472,SKU 16,95,57,38,38,60%
Order 472,SKU 39,31,9,22,22,29%
Order 473,SKU 44,55,37,18,18,67%
Order 473,SKU 21,22,6,16,16,27%
Order 473,SKU 17,20,9,11,11,45%
Order 474,SKU 5,97,74,23,23,76%
Order 474,SKU 34,72,20,52,52,28%
Order 475,SKU 28,32,28,4,4,88%
Order 475,SKU 40,53,4,49,49,8%
Order 475,SKU 26,61,39,22,22,64%
Order 475,SKU 44,20,13,7,7,65%
Order 475,SKU 29,11,2,9,9,18%
Order 476,SKU 20,53,32,21,21,60%
Order 476,SKU 46,51,28,23,23,55%
Order 477,SKU 42,83,75,8,8,90%
Order 477,SKU 41,90,11,79,79,12%
Order 478,SKU 10,51,30,21,21,59%
Order 478,SKU 40,70,55,15,15,79%
Order 478,SKU 24,95,82,13,13,86%
Order 478,SKU 30,23,13,10,10,57%
Order 479,SKU 33,38,10,28,28,26%
Order 479,SKU 36,91,39,52,52,43%
Order 479,SKU 20,40,8,32,32,20%
Order 480,SKU 9,31,4,27,27,13%
Order 480,SKU 31,48,9,39,39,19%
Order 480,SKU 34,40,34,6,6,85%
Order 481,SKU 7,75,57,18,18,76%
Order 481,SKU 37,69,1,68,68,1%
Order 482,SKU 46,95,18,77,77,19%
Order 482,SKU 11,62,55,7,7,89%
Order 482,SKU 17,55,15,40,40,27%
Order 482,SKU 40,65,30,35,35,46%
Order 482,SKU 5,62,48,14,14,77%
Order 483,SKU 19,62,13,49,49,21%
Order 483,SKU 12,30,16,14,14,53%
Order 483,SKU 47,66,45,21,21,68%
Order 483,SKU 18,35,26,9,9,74%
Order 483,SKU 3,33,4,29,29,12%
Order 484,SKU 30,73,4,69,69,5%
Order 484,SKU 39,100,67,33,33,67%
Order 484,SKU 19,22,16,6,6,73%
Order 485,SKU 26,51,49,2,2,96%
Order 485,SKU 48,90,82,8,8,91%
Order 486,SKU 46,14,11,3,3,79%
Order 486,SKU 44,62,51,11,11,82%
Order 486,SKU 36,87,47,40,40,54%
Order 486,SKU 34,99,18,81,81,18%
Order 486,SKU 26,26,21,5,5,81%
Order 487,SKU 20,18,12,6,6,67%
Order 487,SKU 44,60,6,54,54,10%
Order 487,SKU 21,35,15,20,20,43%
Order 487,SKU 18,49,25,24,24,51%
Order 488,SKU 19,87,28,59,59,32%
Order 488,SKU 6,39,2,37,37,5%
Order 488,SKU 30,16,3,13,13,19%
Order 488,SKU 41,20,11,9,9,55%
Order 489,SKU 49,71,38,33,33,54%
Order 489,SKU 39,60,36,24,24,60%
Order 489,SKU 10,19,19,0,0,100%
Order 489,SKU 35,21,7,14,14,33%
Order 490,SKU 14,93,69,24,24,74%
Order 490,SKU 21,29,19,10,10,66%
Order 490,SKU 30,55,26,29,29,47%
Order 491,SKU 28,76,55,21,21,72%
Order 491,SKU 22,60,28,32,32,47%
Order 491,SKU 50,94,1,93,93,1%
Order 492,SKU 4,28,16,12,12,57%
Order 492,SKU 18,52,15,37,37,29%
Order 492,SKU 48,61,49,12,12,80%
Order 493,SKU 38,10,6,4,4,60%
Order 493,SKU 3,25,16,9,9,64%
Order 493,SKU 44,91,21,70,70,23%
Order 493,SKU 1,95,30,65,65,32%
Order 493,SKU 28,49,26,23,23,53%
Order 494,SKU 3,79,79,0,0,100%
Order 494,SKU 35,56,52,4,4,93%
Order 494,SKU 1,93,40,53,53,43%
Order 494,SKU 32,84,31,53,53,37%
Order 494,SKU 8,23,23,0,0,100%
Order 495,SKU 6,84,73,11,11,87%
Order 495,SKU 34,91,22,69,69,24%
Order 495,SKU 11,40,25,15,15,63%
Order 495,SKU 44,62,1,61,61,2%
Order 495,SKU 36,48,6,42,42,13%
Order 496,SKU 48,71,16,55,55,23%
Order 496,SKU 40,52,29,23,23,56%
Order 496,SKU 24,50,3,47,47,6%
Order 496,SKU 4,75,59,16,16,79%
Order 496,SKU 43,18,4,14,14,22%
Order 497,SKU 16,45,15,30,30,33%
Order 497,SKU 22,88,28,60,60,32%
Order 497,SKU 32,68,17,51,51,25%
Order 497,SKU 33,58,45,13,13,78%
Order 497,SKU 38,55,18,37,37,33%
Order 498,SKU 30,12,1,11,11,8%
Order 498,SKU 24,27,14,13,13,52%
Order 499,SKU 26,35,10,25,25,29%
Order 499,SKU 6,96,1,95,95,1%
Order 500,SKU 36,35,30,5,5,86%
Order 500,SKU 8,31,5,26,26,16%
Order 500,SKU 34,29,20,9,9,69%
Order 500,SKU 49,19,18,1,1,95%
